255275
254983
254984
255242
254604
254606
254608
255249
255251
255252
255253
255255
255256
255177
254621
255466
255008
255009
255010
254629
254630
254378
255111
255276
254381
255407
254640
255240
255154
255283
254644
255467
254646
255159
254648
254649
254394
254395
254396
254653
254654
255167
255171
255173
255176
254476
255180
255182
255280
255440
255442
254419
254422
255447
254479
255162
255248
255398
255079
255465
255082
255463
255085
255086
255247
255091
255350
255351
255402
255011
255415
255418
255419
255420
