258883
258884
258885
258886
258889
258890
258919
258920
258921
258923
258926
258931
258962
258964
259086
259088
259090
259096
259099
259117
259162
259164
259204
259261
259263
259264
259269
259270
259271
259272
259273
259274
259302
259303
259305
259307
259334
259336
259339
259340
259341
259342
259378
259381
259389
259394
259395
259469
259473
259477
259649
259650
259668
259697
259703
259704
259705
259711
259713
259747
259750
259751
259752
259756
259788
259789
259792
259822
259841
259842
259860
259866
259867
259868
259888
259961
259979
260010
260011
