262395
262396
262397
262398
262399
262418
262419
262422
262423
262424
262425
262426
262428
262430
262450
262451
262487
262489
262490
262492
262528
262532
262533
262537
262563
262567
262568
262569
262570
262571
262572
262574
262578
262583
262593
262624
262628
262632
262635
262705
262706
262708
262713
262717
262723
262725
262727
262768
262776
262777
262778
262842
262844
262847
262849
262853
262855
263487
263490
263497
263529
263647
263652
263654
263657
263662
263663
263682
263689
263690
263691
263737
263739
263741
263743
263784
263785
263786
263787
263790
263792
263803
263810
263813
263823
263824
263829
263830
263861
263863
263866
263905
263916
263917
263920
263977
263978
263979
263981
263984
263985
