127712
127714
127718
127719
127724
127729
127730
127813
127814
127815
127817
127819
127822
127930
127931
127932
127933
127935
127936
127937
127940
127941
127942
128257
128260
128263
128366
128483
128486
128494
128495
128498
128503
128504
128505
128506
128507
128582
128590
128592
128594
128596
128605
128609
128611
128615
128621
128677
128678
128777
128778
128813
128819
128820
128823
128824
128833
128834
128835
128836
128843
128850
128853
128855
128911
128912
128913
129513
129514
129515
129516
129519
129520
129521
129523
129524
129525
129527
129528
129536
129540
129586
129587
129599
129639
129641
129647
129650
129651
129652
129653
129654
129659
129666
129667
129723
129725
129726
129729
129734
129735
129736
129738
129742
129744
129748
129959
129960
129961
129962
129966
129983
130148
130149
130151
130157
130158
130168
130172
130178
130179
130342
130343
130480
130481
130517
130519
130520
130524
130526
130628
130696
130704
130793
130795
130798
130799
130802
130803
130804
130834
130840
130842
130844
130847
130848
130850
