114786
114798
114918
114920
114924
114930
114931
115310
115318
115322
115325
115328
115335
115338
115345
115393
115399
115401
115413
115516
115521
115880
115881
115882
115887
115889
115890
115892
116079
116081
116102
116111
116112
116118
116123
116134
116198
116203
116287
116288
116401
116402
116403
116562
116571
116572
116574
116642
116643
116644
116645
116682
116684
117034
117041
117048
117050
117052
117053
117054
117059
117063
117065
117077
117086
117092
117098
117099
117109
117112
117116
117118
117220
117222
